20.0007228851
24.4093260765
23.6289248466
24.0918359756
23.4695050716
28.7028410435
22.9409151077
30.6927649975
22.1982200146
7.55372786522
31.0294868946
25.6480481625
19.8725240231
11.2013437748
26.001666069
19.4658370018
15.1788551807
23.2360999584
24.6763329506
10.4949128628
21.8225080967
25.6702749729
14.0225918293
17.0036740303
19.7650370598
25.9881119728
26.1389138699
22.1081850529
13.7678039074
13.5296990871
15.8308918476
16.2305560112
7.41506505013
21.6020028591
13.2795670033
13.5183129311
27.4443562031
22.3195362091
22.6559100151
20.1754498482
22.0168559551
20.1043248177
22.9707100391
17.7492790222
26.7638680935
12.7355971336
28.7948970795
19.371819973
29.2554478645
28.9752728939
11.8340711594
10.5639648438
16.2146589756
27.1766240597
25.7056109905
18.5454850197
22.9969680309
8.54302215576
26.5420191288
16.5888249874
25.6523449421
27.7126290798
14.9137091637
24.921943903
21.919563055
17.4243571758
26.848400116
20.6035509109
26.2577090263
27.0064549446
19.2537720203
14.7794351578
18.4540190697
24.9365959167
25.3148090839
21.43674016
28.7194471359
26.7398369312
25.7688801289
11.5621080399
27.4580841064
6.69514012337
23.1777279377
23.5622479916
11.4540479183
19.6513209343
26.0130610466
20.5951669216
21.2386062145
13.3927907944
10.6873800755
13.9571180344
24.9418051243
28.2926540375
22.9234960079
18.1736800671
18.6190569401
11.7961921692
15.7179419994
24.2307531834
22.3157429695
22.7038631439
28.7726039886
25.6806321144
21.1165969372
19.7183041573
10.5461480618
16.6852328777
20.2866230011
21.8135039806
18.9889929295
17.9688258171
21.9005410671
26.0911300182
28.6954219341
25.7539889812
15.8381500244
24.0232100487
22.8316838741
20.8704800606
18.0999259949
14.6390888691
23.2902910709
14.3152301311
27.5714139938
12.7011580467
18.545219183
28.4731531143
17.5945150852
9.07170915604
21.9060759544
18.9750928879
22.5067150593
12.6501200199
23.5928938389
26.8691148758
21.3056919575
20.2519488335
15.2211649418
21.1252520084
22.596419096
11.9084458351
18.2732679844
21.3959419727
20.9646999836
19.996929884
28.4560542107
15.5880560875
26.0707650185
17.226072073
15.3748819828
14.6218550205
13.2907259464
8.57752799988
15.872948885
27.0732278824
14.4360458851
13.4764909744
15.3410680294
19.4002850056
22.2271039486
20.5494291782
18.7144470215
21.7698380947
21.7331960201
14.1331779957
20.6308431625
6.42210698128
12.9557290077
20.8315038681
24.5547058582
23.1036880016
26.2650568485
27.5952529907
9.65171122551
21.676666975
22.0392868519
28.7543590069
26.3587720394
21.5415809155
21.3058109283
12.8914132118
17.0876989365
29.4602119923
23.5639071465
27.2619569302
23.8596851826
28.5904510021
26.3297510147
25.824379921
11.2019841671
27.3378081322
25.0408220291
12.7934930325
17.6140418053
27.8323218822
21.5025629997
18.0392200947
29.2621290684
16.611148119
17.1304049492
10.7815630436
22.4662680626
19.939467907
22.9534749985
13.7577698231
28.1858479977
25.6374001503
28.4301419258
29.5347678661
25.6999180317
21.0261111259
8.84906196594
15.0748159885
7.41005992889
22.924601078
22.0583939552
21.1032011509
17.7587480545
19.2689888477
10.6880989075
18.1478581429
28.5435888767
19.25426507
21.5204391479
27.3968529701
25.9273788929
17.4042840004
16.6849169731
20.6470019817
20.7000620365
25.4952960014
26.3244321346
27.2820491791
11.7070949078
9.51779103279
20.5890898705
25.2100031376
21.887403965
17.4906909466
13.6330599785
23.675579071
26.3136808872
29.4407939911
15.6078190804
30.1029758453
12.022644043
15.2694010735
25.3346409798
21.6364731789
20.8569879532
21.1089520454
16.0469820499
13.9622950554
15.0895080566
20.9747569561
17.4603598118
13.3328568935
15.7786169052
22.0112719536
19.9218089581
18.2100028992
27.6521811485
28.9997799397
25.5130898952
18.5516610146
24.9903731346
12.0979249477
28.6444129944
18.9454360008
17.6578500271
22.8900671005
16.7649691105
19.2580358982
29.1308457851
25.4520969391
15.8383169174
24.6575820446
14.5781838894
23.7507629395
16.1318938732
24.0374009609
16.1710598469
10.8779611588
13.5686221123
24.59851408
17.6871020794
14.7272799015
26.2493281364
28.0973770618
17.9238390923
22.6038281918
20.7960140705
9.2743229866
26.9290139675
20.0192198753
15.7802259922
10.354626894
12.0990531445
16.4991109371
10.7118117809
18.7525680065
13.1339509487
17.9779579639
14.6084079742
26.9276268482
24.9802780151
11.3409378529
12.6632881165
16.8222708702
8.73140096664
21.9870491028
21.2852728367
19.1760280132
27.0930550098
26.5648620129
20.7841889858
21.6661698818
15.274971962
15.8573150635
20.262346983
22.6378588676
20.746270895
22.3280570507
16.5608501434
14.1205420494
27.6420338154
25.3533599377
9.92410898209
11.9519410133
8.61388397217
14.810959816
10.2409358025
25.0646460056
25.376281023
31.999735117
18.8829810619
22.5323688984
6.01357603073
22.1357460022
22.7616381645
26.8780181408
13.8983969688
14.1041650772
11.1526148319
29.105232954
26.3657341003
25.8121359348
23.77191782
23.2643179893
26.9521858692
24.1553051472
23.0966999531
24.245705843
12.0304589272
9.23835206032
20.9519240856
11.7770569324
16.1624979973
24.2820730209
17.2267799377
15.0973141193
15.2005240917
21.6985900402
24.9064109325
24.6243810654
21.5901501179
26.3484358788
19.5731508732
14.3733389378
10.6874370575
20.3276948929
15.0622601509
25.0917849541
16.3220398426
19.1035737991
21.7239620686
27.3155529499
24.5135848522
24.0968859196
18.2728250027
29.1391518116
22.6443121433
24.5060229301
25.3213000298
15.8085110188
9.94965004921
26.1640820503
15.2898259163
22.8657279015
20.5215680599
15.201374054
21.3552129269
26.2885630131
20.9286389351
18.5701601505
21.4681870937
11.1561551094
28.8149268627
18.6246750355
27.3027000427
19.2607729435
11.0693540573
19.4582259655
28.8583779335
9.45333003998
26.5296871662
19.7517659664
12.5685870647
11.6795330048
19.6525390148
14.3521239758
24.4163899422
18.3554229736
29.3006658554
24.99518013
15.0950989723
10.8579010963
13.0864591599
13.7079050541
12.4515390396
9.74717116356
21.7616739273
22.8218569756
24.5871269703
27.1339719296
25.7478168011
8.94791603088
16.1989848614
13.5774350166
17.2048380375
19.3113470078
10.5115599632
17.6747331619
29.2321951389
21.5373008251
26.0112099648
19.0200400352
12.561357975
9.17209005356
25.4240670204
25.7087471485
